Top 20 keywords:
train: 5768.0000000000155
project: 972
monorail: 408
rail: 379.5
metro: 356
tram: 344
digital: 339
contract: 186
transport: 156.0
operation: 143.3333333333334
award: 136
order: 132
long: 109.33333333333321
vehicle: 99.0
strategy: 87
locomotive: 76
term: 58.6666666666667
innovation: 51
agreement: 51
information: 48.000000000000014
